K = 1.38E-23;
P = 1.33322e-6;
P = 0.001;
T = 300;
d = 2.5E-10;
lamda = (K*T)/(sqrt(2)*pi*P*d^2)